function c = Initial_Data_Coeffs(N)

%Coefficients for Chebyshev Expansion of sin(pi*x) on [-1,1]
cStore = [0
0.569230686359506
0
-0.666916672405979
0
0.104282368734237
0
-0.00684063353699158
0
0.000250006884950386
0
-5.85024830863914*10^-6
0
9.53477275029940*10^-8
0
-1.14563844170946*10^-9
0
1.05742726175391*10^-11
0
-7.73527099540431*10^-14
0
4.59595614618296*10^-16];

c = cStore(1:N+1);
